[array([0.693878, 0.877551]), array([0.693878, 0.612245]), array([9.40184e-01, 6.55584e-01, 7.00000e-06]), array([0.412848, 0.414685, 0.355282, 0.42625 ]), array([0.609737, 0.      , 1.      , 1.      ]), array([0.333682, 0.      , 1.      , 1.      , 0.      ]), array([0.      , 0.38742 , 0.19674 , 0.198433, 0.360412, 0.793282]), array([0.00000e+00, 0.00000e+00, 8.57000e-04, 0.00000e+00, 1.00000e+00,
       1.15384e-01, 0.00000e+00, 4.16099e-01])]
[array([0.409284, 0.912102]), array([0.739205, 0.721611]), array([1.      , 1.      , 0.393313]), array([0.454583, 0.431596, 0.203237, 0.441412]), array([0., 0., 1., 1.]), array([0.396836, 0.254731, 0.229478, 1.      , 0.      ]), array([0.      , 0.305478, 0.184069, 0.090844, 0.363185, 0.870741]), array([0.191681, 0.218924, 0.113081, 0.21272 , 1.      , 0.770107,
       0.277017, 1.      ])]
[array([0.766388, 0.766134]), array([0.995575, 0.985505]), array([0.      , 0.      , 0.659318]), array([0.383902, 0.421285, 0.420518, 0.438417]), array([1., 0., 1., 1.]), array([0.337044, 1.      , 0.211207, 1.      , 0.369737]), array([0.      , 0.590409, 0.877545, 0.250227, 0.391279, 0.783668]), array([0.087719, 0.102828, 0.21335 , 0.      , 1.      , 0.512206,
       0.213228, 0.0153  ])]
[array([0.336568, 0.148632]), array([0.714914, 0.380302]), array([0.843868, 0.964706, 0.849947]), array([0.393953, 0.414733, 0.411142, 0.431984]), array([1.      , 0.737452, 1.      , 1.      ]), array([0.      , 0.      , 0.331132, 0.7658  , 0.      ]), array([0.      , 0.37438 , 0.08123 , 0.617229, 0.381317, 0.772042]), array([0.      , 0.      , 0.      , 0.84545 , 1.      , 0.811161,
       0.      , 0.      ])]
[array([0.067874, 0.65342 ]), array([0.676232, 1.      ]), array([0.968306, 0.754444, 0.514123]), array([0.413756, 0.479427, 0.383486, 0.425102]), array([1.  , 0.85, 1.  , 1.  ]), array([0.505649, 0.      , 0.708182, 0.639945, 0.      ]), array([0.      , 0.310721, 0.10775 , 0.209968, 0.352265, 0.768356]), array([0.      , 0.      , 0.      , 0.      , 1.      , 0.50829 ,
       0.      , 0.079755])]
[array([0.721892, 0.724327]), array([0.727492, 1.      ]), array([0.089208, 0.174355, 0.517843]), array([0., 0., 1., 1.]), array([1., 1., 1., 1.]), array([0.47194 , 0.330407, 0.576411, 0.700168, 0.103666]), array([0.      , 0.239032, 0.      , 0.209113, 0.341349, 0.743252]), array([0.082682, 0.917557, 0.413349, 0.038587, 0.180483, 0.597658,
       0.091566, 0.094504])]
[array([0.717955, 0.720584]), array([0.712736, 1.      ]), array([0.918306, 0.704444, 0.514997]), array([0.404812, 0.333996, 0.423985, 0.441067]), array([1.      , 1.      , 1.      , 0.883673]), array([0.466043, 0.436917, 1.      , 0.634216, 0.      ]), array([0.      , 0.27751 , 0.      , 0.225622, 0.339232, 0.750889]), array([0.077719, 0.102828, 0.21335 , 0.      , 1.      , 0.512206,
       0.223228, 0.0153  ])]
[array([0.716168, 0.718886]), array([0.235595, 0.565232]), array([0.868306, 0.654444, 0.515871]), array([0.390862, 0.379857, 0.416377, 0.433213]), array([0.98555 , 0.943296, 0.297108, 0.960375]), array([0.454624, 0.420205, 0.534289, 0.651621, 0.05    ]), array([0.      , 0.219056, 0.      , 0.161466, 0.359345, 0.75666 ]), array([0.092719, 0.102828, 0.21335 , 0.      , 1.      , 0.512206,
       0.213228, 0.0153  ])]